image: my_map.pgm
resolution: 0.014200
origin: [-0.994000, -12.808400, 0.000000]
negate: 0
occupied_thresh: 0.65
free_thresh: 0.196
