<?xml version="1.0"?>
<opencv_storage>
	<coordinate1>
	1.48294723034
	1.0157289505
	-1.1722842
	</coordinate1>

	<coordinate2>
	2.32057094574
	-0.678267598152
	2.0875562
	</coordinate2>

	<coordinate3>
	1.25353884697
	-2.9634680748
	1.9859183
	</coordinate3>

	<coordinate4>
	2.32491183281
	-3.07878303528
	1.1617223
	</coordinate4>

	<coordinate5>
	5.3611073494
	-1.71304702759
	2.8085398
	</coordinate5>
</opencv_storage>
